category: 2
precision: 0.71429
recall: 0.46875
f1: 0.56604
