category: 7
precision: 0.45833
recall: 0.34375
f1: 0.39286
